aMin=	9.190315498493206
aMax=	9.205330283293451
bMin=	4.804317200863636
bMax=	4.814617996106068
cMin=	21.28236311303116
cMax=	21.488898822134427
alphaMin=	87.15839395043156
alphaMax=	87.42577111794414
betaMin=	106.16240128268309
betaMax=	106.26651609486332
gammaMin=	66.79448811862481
gammaMax=	66.98853739071441
