aMin=	9.166622349838336
aMax=	9.209404819544925
bMin=	4.800933992044013
bMax=	4.817707970408446
cMin=	21.262019923422717
cMax=	21.452853664539564
alphaMin=	87.05336297580509
alphaMax=	87.46772573686496
betaMin=	105.91686161491684
betaMax=	106.33392513344047
gammaMin=	66.65218795670734
gammaMax=	66.98517209043199
