aMin=	9.161288740805286
aMax=	9.209593571685247
bMin=	4.800162381070275
bMax=	4.819115929717468
cMin=	21.25154241329889
cMax=	21.487656361471952
alphaMin=	87.07353761482581
alphaMax=	87.48472182885384
betaMin=	105.9004286430655
betaMax=	106.3495815131559
gammaMin=	66.65005519942254
gammaMax=	66.98753217095071
