aMin=	9.160010011733782
aMax=	9.209992186408119
bMin=	4.800001022073797
bMax=	4.819470112330869
cMin=	21.25012704257178
cMax=	21.486466639449652
alphaMin=	87.05047529867451
alphaMax=	87.49990283674346
betaMin=	105.90150109885542
betaMax=	106.34986205776053
gammaMin=	66.65009853459952
gammaMax=	66.9972039220031
