aMin=	9.160066054299538
aMax=	9.209975880539123
bMin=	4.800012594729139
bMax=	4.8188072568145985
cMin=	21.25400212078701
cMax=	21.471933758220125
alphaMin=	87.09529996974351
alphaMax=	87.49988974808154
betaMin=	105.90251176240032
betaMax=	106.34992848089429
gammaMin=	66.65011047083063
gammaMax=	66.99277200511311
