aMin=	9.162539745617563
aMax=	9.209936446075938
bMin=	4.802120270824985
bMax=	4.818298712282801
cMin=	21.298782518629654
cMax=	21.448823508358117
alphaMin=	87.13054781996141
alphaMax=	87.4998149893214
betaMin=	105.98626861630561
betaMax=	106.3495671087381
gammaMin=	66.6501750681703
gammaMax=	66.95990863253681
