aMin=	9.18010104149741
aMax=	9.209839811850339
bMin=	4.805343453390803
bMax=	4.817531479084674
cMin=	21.38455812533571
cMax=	21.430234645506786
alphaMin=	87.27297790602663
alphaMax=	87.49776487169719
betaMin=	106.16629751666842
betaMax=	106.34601857958631
gammaMin=	66.65816561207241
gammaMax=	66.88809421946954
