aMin=	9.201793344214277
aMax=	9.201793344214277
bMin=	4.811128790095104
bMax=	4.811128790095104
cMin=	21.426568977903475
cMax=	21.426568977903475
alphaMin=	87.49231135637181
alphaMax=	87.49231135637181
betaMin=	106.26536665197717
betaMax=	106.26536665197717
gammaMin=	66.65337088328931
gammaMax=	66.65337088328931
